ddasac
0
1
406
370
1
93
0
1e-09
1e-11
0.0e0
0
batch
concentration
0.0e0
1.0e0
0.0e0
1.0e0
973.15
0.0
-1
0 60.0 1.0
-1.722791e-71 -7.183861e-30 2.018923e-53 -3.631743e-21 -4.834321e-30 0.07762717 0.0005029745 -3.099818e-30 5.498957e-29 -6.247001e-27 9.775711e-31 -3.34807e-31 1.5732e-06 -6.362629e-29 4.440015e-11 -1.986274e-31 -1.11863e-48 4.777185e-06 3.345896e-13 6.106833e-17 2.190765e-28 7.565443e-31 -3.096285e-25 2.291279 1.824257e-11 5.558806 1.09587e-12 -4.860715e-31 0.5506033 8.840567e-31 8.630699e-30 -1.210384e-21 0.01385723 4.093999e-29 -2.74946e-29 3.15854e-29 2.336263e-30 0.1009544 1.921785e-14 2.205577e-30 -5.866938e-29 2.711922e-30 -3.052915e-29 -1.538268e-30 4.177416e-25 -1.803419e-30 1.743703e-07 -1.896238e-29 3.617673e-05 -2.564438e-36 8.392017e-09 0.4684863 9.950564e-22 1.003878 0.611966 -1.811082e-42 0.0006062074 3.517696e-08 2.419867e-11 2.465238e-10 1.936613 3.281135e-43 4.188855e-18 9.481084e-25 0.05894344 2.708359 4.700783e-17 0.2298164 4.290239e-17 1.55729 2.619485e-42 0.3608578 4.856374e-41 0.6874394 0.02609535 0.2006692 0.002314717 3.575055e-05 0.5894929 0.1061196 -4.946139e-29 0.01545031 0.001834494 6.08682e-07 0.001310117 0.379985 8.700642e-22 0.05761903 1.722791e-71 -2.018923e-53 0.006680162 0.005535368 0.001301836 