ddasac
0
1
406
370
1
93
0
1e-09
1e-11
0.0e0
0
batch
concentration
0.0e0
1.0e0
0.0e0
1.0e0
773.15
0.0
-1
0 1790.0 1.0
3.17834e-30 2.275903e-29 1.334427e-212 7.790779e-28 1.691472e-28 0.03430898 4.905849e-07 -1.055986e-26 -4.639237e-26 3.222953e-26 -1.485288e-28 4.107356e-28 0.001320687 4.219078e-08 0.001110473 5.928463e-12 5.050137e-09 0.004275088 0.0004459971 0.0008395167 -2.429926e-27 -3.007177e-30 0.01772132 0.08698126 0.01949989 3.090152 0.0004261216 3.527985e-29 0.2227555 -3.040789e-29 1.719817e-28 -7.323524e-24 0.01945998 7.973238e-26 2.319135e-26 9.794925e-27 3.719651e-27 0.1653506 0.0001133698 2.006582e-08 4.220982e-08 1.001903e-06 2.117165e-08 2.013794e-08 0.01140119 1.515386e-26 0.01942538 1.344456e-08 0.7180848 3.866342e-22 1.827153e-05 0.1578529 0.002511043 1.69592 0.3959769 -8.417119e-32 2.785835 1.688295 6.156517e-09 1.268603e-05 2.830549 9.465367e-16 1.38672e-06 5.754038e-09 0.03105549 2.457123 3.279046e-12 0.1811536 1.87184e-12 1.65402 1.551158e-16 0.9681378 3.181849e-07 0.6987531 0.01855285 0.2224653 0.000430768 3.395073e-05 0.1732758 0.0305837 0.008334817 0.005176327 0.0006119998 1.205707e-05 0.003505401 0.0207039 0.04537118 0.09139858 0.0002963952 -3.99219e-125 0.001367222 0.006070873 0.002212235 